              precision    recall  f1-score   support

          wP       0.00      0.00      0.00       530
          wR       0.00      0.00      0.00       157
          wN       0.00      0.00      0.00        70
          wB       0.00      0.00      0.00       115
          wQ       0.00      0.00      0.00        44
          wK       0.50      0.01      0.02       109
          bP       0.05      0.01      0.02       530
          bR       0.00      0.00      0.00       160
          bN       0.00      0.00      0.00        38
          bB       0.00      0.00      0.00       110
          bQ       0.02      1.00      0.04        43
          bK       0.00      0.00      0.00       109
       empty       0.98      0.49      0.65      4961

    accuracy                           0.35      6976
   macro avg       0.12      0.12      0.06      6976
weighted avg       0.71      0.35      0.46      6976
