              precision    recall  f1-score   support

          wP       0.00      0.00      0.00       390
          wR       0.00      0.00      0.00        93
          wN       0.00      0.00      0.00        82
          wB       0.01      0.01      0.01       110
          wQ       0.00      0.00      0.00        55
          wK       0.00      0.00      0.00        55
          bP       0.00      0.00      0.00       388
          bR       0.00      0.00      0.00       110
          bN       0.00      0.00      0.00        82
          bB       0.00      0.00      0.00        99
          bQ       0.04      0.98      0.07        55
          bK       0.00      0.00      0.00        55
       empty       0.87      0.45      0.59      1946

    accuracy                           0.26      3520
   macro avg       0.07      0.11      0.05      3520
weighted avg       0.48      0.26      0.33      3520
