              precision    recall  f1-score   support

          wP       0.94      0.26      0.41       631
          wR       0.44      0.24      0.31        88
          wN       0.00      0.00      0.00       109
          wB       0.00      0.00      0.00       120
          wQ       0.02      0.12      0.03        92
          wK       0.00      0.00      0.00        92
          bP       0.75      0.89      0.81       623
          bR       0.12      0.06      0.08        88
          bN       0.12      0.03      0.05       115
          bB       0.00      0.00      0.00       119
          bQ       0.12      0.96      0.21        92
          bK       0.02      0.02      0.02        92
       empty       0.96      0.51      0.67      3627

    accuracy                           0.46      5888
   macro avg       0.27      0.24      0.20      5888
weighted avg       0.78      0.46      0.55      5888
