              precision    recall  f1-score   support

          wP       0.92      0.11      0.19      1551
          wR       0.24      0.06      0.10       338
          wN       0.00      0.00      0.00       261
          wB       0.00      0.00      0.00       345
          wQ       0.01      0.06      0.01       191
          wK       0.01      0.00      0.01       256
          bP       0.66      0.36      0.47      1541
          bR       0.10      0.01      0.02       358
          bN       0.03      0.02      0.02       235
          bB       0.00      0.00      0.00       328
          bQ       0.04      0.97      0.09       190
          bK       0.01      0.01      0.01       256
       empty       0.95      0.49      0.65     10534

    accuracy                           0.37     16384
   macro avg       0.23      0.16      0.12     16384
weighted avg       0.77      0.37      0.48     16384
